5
54 52
50 30 24 8 44 23 46 36 12 15 33 51 17 38 1 47 29 25 9 20 31 22 5 13 3 40 35 45 43 16 7 27 53 28 18 42 19 4 0 14 26 39 37 32 6 52 49 34 11 48 21 2 10 41
51 64
11 22 32 13 39 1 49 21 28 44 36 42 2 18 10 25 46 3 20 9 27 24 34 8 23 37 29 47 45 48 4 31 12 6 7 41 19 0 26 14 50 35 5 43 30 16 38 40 15 33 17
92 58
74 9 85 64 26 14 86 76 36 48 24 87 82 19 41 81 44 5 6 39 54 52 29 57 83 25 47 63 28 53 2 88 11 73 62 33 37 7 35 58 72 17 22 51 0 20 40 61 38 4 1 90 75 78 71 12 65 49 60 84 13 27 79 42 80 32 91 70 66 43 59 34 3 68 89 23 16 46 31 69 50 10 21 30 45 67 55 56 18 77 15 8
60 53
57 45 33 41 16 52 40 0 44 26 43 20 35 53 27 28 34 48 55 24 54 15 8 21 22 12 30 37 47 19 38 18 42 31 59 39 56 14 4 2 9 6 7 50 46 58 25 17 23 32 5 3 1 51 36 13 49 11 10 29
92 91
10 80 32 43 50 65 44 8 16 58 17 73 79 42 45 53 18 33 23 25 41 6 83 71 51 70 14 90 20 39 69 37 38 2 52 68 72 82 77 67 59 49 31 64 0 26 13 21 62 75 54 36 61 4 91 55 87 27 3 29 9 74 48 30 63 35 66 5 57 88 81 84 86 7 28 12 24 15 47 56 60 89 40 11 1 85 78 34 22 76 46 19
