5
49 2
73 66 59 97 95 17 88 12 84 38 39 4 77 33 4 88 21 16 53 81 94 91 10 22 48 37 42 34 85 46 48 98 27 70 66 29 59 25 78 70 58 99 60 48 41 84 83 18 34
55 56 39 40 67 95 95 58 83 57 2 66 24 24 70 32 1 45 50 44 94 86 85 29 83 49 57 89 34 45 98 57 74 38 68 46 61 42 55 81 32 81 65 83 96 5 1 15 90
48 2
100 32 65 66 78 93 2 34 33 85 80 64 5 18 78 17 64 97 38 95 4 60 68 93 20 29 38 74 33 7 72 59 42 56 28 23 38 54 40 78 84 75 13 81 65 92 58 38
82 56 11 42 40 51 10 13 41 74 32 1 31 100 72 13 90 88 95 93 35 75 20 26 55 65 66 40 53 81 11 18 44 75 95 79 58 69 84 75 8 39 16 74 58 6 70 90
42 2
91 78 90 66 22 20 79 41 51 26 31 24 96 75 61 40 10 48 91 90 67 4 37 39 79 40 10 90 31 35 55 21 23 53 49 100 78 47 39 80 81 64
3 94 4 56 48 17 85 14 79 55 56 56 92 37 81 76 1 88 28 30 34 25 63 6 92 45 4 26 35 94 20 93 36 44 76 37 36 40 10 1 49 63
44 2
31 76 31 17 87 60 53 88 38 29 97 84 13 34 46 65 37 42 70 73 95 26 16 76 37 96 78 56 81 78 76 35 40 9 12 48 70 71 31 87 59 42 6 35
14 60 75 38 58 9 22 73 74 10 95 99 83 50 75 9 64 43 24 72 18 1 7 79 17 75 23 2 23 38 13 5 2 55 12 40 58 17 2 88 85 39 13 36
44 2
86 44 82 51 9 97 6 35 18 91 91 43 53 57 52 7 70 2 79 1 44 88 24 32 73 10 92 34 36 61 10 41 90 71 95 27 97 96 32 37 98 70 71 67
55 45 94 12 69 45 25 2 43 86 59 93 24 100 64 32 42 60 70 3 30 72 65 1 5 19 47 77 98 38 84 63 80 98 15 41 70 90 48 83 79 24 94 38
