5
44 2
23 57 40 90 27 75 52 60 11 27 6 96 98 85 56 55 33 18 44 86 33 50 42 81 69 12 88 14 31 45 31 94 72 65 16 66 41 91 10 48 72 8 74 92
2 59 72 84 25 80 6 90 66 60 60 18 69 69 67 72 60 86 39 28 52 63 2 50 15 18 3 75 11 24 18 50 54 64 91 5 18 99 33 63 46 98 47 2
48 2
97 4 72 94 19 6 64 20 24 57 29 64 31 61 50 24 6 60 2 17 77 38 62 70 29 16 55 81 88 66 31 52 20 38 35 20 31 1 33 51 31 3 54 26 64 9 95 6
43 87 90 69 41 86 89 44 33 39 72 46 96 72 84 90 89 11 17 71 70 68 53 32 27 90 68 14 88 80 52 76 9 55 58 13 33 56 7 4 59 58 12 97 54 10 85 85
40 2
30 51 19 58 43 95 36 9 97 99 15 59 59 50 66 99 65 41 11 36 76 37 85 81 4 51 93 50 24 16 44 74 6 14 90 71 64 17 20 35
98 18 35 50 67 36 34 99 16 30 81 76 79 9 28 33 59 11 99 83 23 27 71 32 61 9 76 25 38 4 19 67 18 100 67 19 2 58 61 64
49 2
88 77 45 80 74 81 57 23 1 16 40 7 90 82 9 14 54 2 81 35 8 48 27 17 80 51 93 27 23 45 87 22 47 33 55 77 55 22 15 29 39 23 70 10 94 38 23 86 49
74 6 59 44 89 92 58 95 20 7 65 42 79 63 93 59 80 9 6 69 56 91 56 59 58 79 82 75 64 45 32 58 72 18 6 7 67 6 21 25 6 20 5 18 83 50 1 82 56
50 2
1 32 96 75 92 55 24 30 75 77 45 87 41 52 10 23 3 59 28 43 9 13 76 23 47 39 58 87 87 54 54 41 48 57 72 43 59 36 34 2 78 60 87 100 44 58 97 90 51 87
72 49 7 54 17 92 35 72 6 29 88 56 40 27 9 3 86 14 22 36 43 31 61 99 33 1 24 5 44 83 82 91 58 46 72 31 37 48 55 83 22 75 31 30 28 99 52 55 31 33
